955.6198499689378
955.6198499689378
955.6198499689378
1460.8746729429062
1460.8746729429062
1966.1294959168747
1966.1294959168747
2471.384318890843
2471.384318890843
2471.384318890843
2976.6391418648115
2976.6391418648115
2976.6391418648115
3481.89396483878
3481.89396483878
3987.1487878127484
3987.1487878127484
4492.403610786717
4492.403610786717
4997.658433760686
4997.658433760686
5502.913256734654
5502.913256734654
5502.913256734654
6008.168079708622
6008.168079708622
6513.422902682591
6513.422902682591
7018.677725656559
7018.677725656559
7018.677725656559
7523.932548630528
7523.932548630528
8029.187371604497
8029.187371604497
8534.442194578465
8534.442194578465
8534.442194578465
9039.697017552434
9039.697017552434
9544.951840526402
9544.951840526402
10050.20666350037
10050.20666350037
10555.461486474338
10555.461486474338
11060.716309448307
11060.716309448307
11565.971132422275
11565.971132422275
12071.225955396244
12071.225955396244
12576.480778370212
12576.480778370212
13081.735601344181
13081.735601344181
13586.99042431815
13586.99042431815
14092.245247292118
14092.245247292118
14597.500070266087
14597.500070266087
15102.754893240055
15102.754893240055
15608.009716214024
15608.009716214024
16113.264539187992
16113.264539187992
16618.51936216196
16618.51936216196
17123.77418513593
17123.77418513593
17629.029008109898
17629.029008109898
18134.283831083867
18134.283831083867
18639.538654057835
18639.538654057835
19144.793477031804
19144.793477031804
19650.048299005772
19650.048299005772
20155.30312197974
20155.30312197974
20660.55794495371
20660.55794495371
21165.812767927678
21165.812767927678
21671.067590901647
21671.067590901647
22176.322413875615
22176.322413875615
22681.577236849584
22681.577236849584
23186.832059823553
23186.832059823553
23692.08688279752
23692.08688279752
24197.34170577149
24197.34170577149
24702.596528745457
24702.596528745457
25207.851351719426
25207.851351719426
25713.106174693394
25713.106174693394
26218.360997667363
26218.360997667363
26723.61582064133
26723.61582064133
27228.8706436153
27228.8706436153
27734.125466589268
27734.125466589268
28239.380289563237
28239.380289563237
28744.635112537205
28744.635112537205
29249.889935511174
29249.889935511174
29755.144758485143
29755.144758485143
30260.39958145911
30260.39958145911
30765.65440443308
30765.65440443308
31270.90922740705
31270.90922740705
31776.164050381017
31776.164050381017
32281.418873354986
32281.418873354986
32786.673696328954
32786.673696328954
33291.92851930292
33291.92851930292
33797.18334227689
33797.18334227689
34302.43816525086
34302.43816525086
34807.69298822483
34807.69298822483
35312.9478111988
35312.9478111988
35818.20263417277
35818.20263417277
36323.45745714674
36323.45745714674
36828.71228012071
36828.71228012071
37333.96710309468
37333.96710309468
37839.22192606865
37839.22192606865
38344.47674904262
38344.47674904262
38849.73157201659
38849.73157201659
39354.98639499056
39354.98639499056
39860.24121796453
39860.24121796453
40365.4960409385
40365.4960409385
40870.75086391247
40870.75086391247
41376.00568688644
41376.00568688644
41881.26050986041
41881.26050986041
42386.51533283438
42386.51533283438
42891.77015580835
42891.77015580835
43397.02497878232
43397.02497878232
43902.27980175629
43902.27980175629
44407.53462473026
44407.53462473026
44912.78944770423
44912.78944770423
45418.0442706782
45418.0442706782
45923.29909365217
45923.29909365217
46428.55391662614
46428.55391662614
46933.80873960011
46933.80873960011
47439.06356257408
47439.06356257408
47944.31838554805
47944.31838554805
48449.57320852202
48449.57320852202
48954.82803149599
48954.82803149599
49460.08285446996
49460.08285446996
49965.33767744393
49965.33767744393
50470.5925004179
50470.5925004179
50975.84732339187
50975.84732339187
51481.10214636584
51481.10214636584
51986.35696933981
51986.35696933981
52491.61179231378
52491.61179231378
52996.86661528775
52996.86661528775
53502.12143826172
53502.12143826172
54007.37626123569
54007.37626123569
54512.63108420966
54512.63108420966
55017.88590718363
55017.88590718363
55523.1407301576
55523.1407301576
56028.39555313157
56028.39555313157
56533.65037610554
56533.65037610554
57038.90519907951
57038.90519907951
57544.16002205348
57544.16002205348
58049.41484502745
58049.41484502745
58554.66966800142
58554.66966800142
59059.92449097539
59059.92449097539
59565.17931394936
59565.17931394936
60070.43413692333
60070.43413692333
60575.6889598973
60575.6889598973
61080.94378287127
61080.94378287127
61586.19860584524
61586.19860584524
62091.45342881921
62091.45342881921
62596.70825179318
62596.70825179318
63101.96307476715
63101.96307476715
63607.21789774112
63607.21789774112
64112.47272071509
64112.47272071509
64617.72754368906
64617.72754368906
65122.98236666303
65122.98236666303
65628.237189637
65628.237189637
66133.49201261097
66133.49201261097
66638.74683558494
66638.74683558494
67144.00165855891
67144.00165855891
67649.25648153288
67649.25648153288
68154.51130450685
68154.51130450685
68659.76612748082
68659.76612748082
69165.02095045479
69165.02095045479
69670.27577342876
69670.27577342876
70175.53059640273
70175.53059640273
